P(topic 1),P(topic 2),P(topic 3),P(topic 4),P(topic 5)
0.3674731314221779,0.040164560393358285,0.040142171752243286,0.45033213363997726,0.10188800279224318
0.06365774842435118,0.06340213032949289,0.06340273893135566,0.06396292536845462,0.7455744569463457
0.067548874593615,0.06741642290779203,0.06741782294944969,0.06741543100530145,0.7302014485438418
0.7623638930872667,0.059373133886353395,0.059373855720328696,0.05938527851714932,0.05950383878890187
0.0732190960338986,0.07324262613025818,0.07324447686746881,0.7070618352331709,0.0732319657352035
0.7305495818762979,0.06729052796508099,0.06729087586858806,0.06729053921509902,0.06757847507493396
0.1156337667297421,0.04721905772181984,0.04720801507945602,0.04734745815020456,0.7425917023187775
0.10000023898899231,0.10000056264388733,0.10000058538609359,0.10000053821408336,0.5999980747669434
0.2916388673848121,0.06937116535413748,0.06937196301209331,0.49863301221328626,0.07098499203567077
0.06690377594873657,0.5843241646840657,0.0671182938802426,0.06678799121928698,0.21486577426766815
0.10000004490693107,0.5999996593414523,0.10000011091367104,0.10000010339834776,0.1000000814395978
0.22224941812085608,0.055635548132396025,0.6112934561199267,0.055482846736428656,0.055338730890392526
0.4197767357448836,0.07488330009528654,0.35558346476329994,0.0748821910563394,0.07487430834019056
0.6634846883623647,0.08359614027205385,0.08359633068216217,0.08572762266805622,0.0835952180153632
0.10000040028831038,0.10000098034709066,0.10000102822557301,0.10000096048006649,0.5999966306589595
0.1983007690500416,0.3126765543341108,0.06855788339137203,0.3506903013769312,0.06977449184754442
0.06200763870450506,0.06200347692946796,0.06200460304977965,0.7519872936241481,0.06199698769209936
0.7182959542443949,0.06773064374473757,0.06773070537680327,0.07399838931476226,0.07224430731930186
0.058292462421435993,0.058236475335538024,0.7670235606342564,0.05822819927305404,0.058219302335715616
0.10000004490693107,0.5999996593414523,0.10000011091367104,0.10000010339834776,0.1000000814395978
0.06253529211789455,0.06236439819631618,0.06262107635842899,0.17024731508380703,0.6422319182435532
0.2419294862034257,0.04920369794874738,0.049203419890922216,0.04922253454889368,0.6104408614080109
0.47032431480341536,0.04586816251557822,0.045872294814061465,0.04586701680615321,0.39206821106079176
0.10000941927150472,0.10002516444985192,0.5999230829933357,0.10002428665637217,0.10001804662893536
0.08336855894704633,0.08292057865324397,0.08292092791221375,0.08292026400108785,0.6678696704864081
0.5040500935857973,0.05895717794363,0.05048801359750039,0.3357914691459074,0.050713245727164825
0.44848867360323624,0.053035943338374004,0.05428880489330476,0.2897675743241043,0.15441900384098067
0.6625500973209457,0.08312592925148371,0.08807555259687593,0.08312628848246142,0.08312213234823333
0.07589758586231304,0.07585479989388867,0.07585539783012335,0.6962931704890193,0.07609904592465574
0.05874205720637933,0.18493287481415754,0.05872442821431836,0.6387717417714265,0.058828897993718356
0.17956000516860984,0.06231906865087783,0.633485036958454,0.06232033538308369,0.062315553838974656
0.6701723399269683,0.0509152164798324,0.050915851952681786,0.05099768492385162,0.17699890671666585
0.10000054406965721,0.10000145327081544,0.10000153676673666,0.10000140211461467,0.5999950637781759
0.09332703828190182,0.6435601349530602,0.08770462357692645,0.08770444155408856,0.08770376163402312
0.10000345182442544,0.10000848742918735,0.5999733924571525,0.10000819160206598,0.10000647668716876
0.29749685465344056,0.06709151834829052,0.06709206879808972,0.5010993122784609,0.06722024592171824
0.10000069956845697,0.5999944565354504,0.10000183711339189,0.10000175104993342,0.10000125573276729
0.4988444426740668,0.08415380664081164,0.08415391388406315,0.24653342097887482,0.08631441582218352
0.07423175626313055,0.2457076785693262,0.07424391777979397,0.5315787093431575,0.07423793804459172
0.1000000864406216,0.5999993055251819,0.1000002334487358,0.10000021515287605,0.10000015943258474
0.7756844530248419,0.05604307167107473,0.05604427260185235,0.05604222515640381,0.056185977545827166
0.08286291527306419,0.0828764337592837,0.6685146826320432,0.08287567624524667,0.08287029209036231
0.6543172983378287,0.13194350177584274,0.05173089199880489,0.05225263629817901,0.1097556715893447
0.1000000864406216,0.5999993055251819,0.1000002334487358,0.10000021515287605,0.10000015943258474
0.8109338012313927,0.04533437056752855,0.045335581515865246,0.05307295787346679,0.04532328881174666
0.07516889618170537,0.07476403645562328,0.07476463164590293,0.6998827296835625,0.07541970603320604
0.2,0.2,0.2,0.2,0.2
0.06315129947414304,0.0631422248849612,0.06314308011670501,0.7473245261341994,0.0632388693899914
0.10000023898899231,0.10000056264388733,0.10000058538609359,0.10000053821408336,0.5999980747669434
0.06358689883510782,0.1742798982677392,0.5433744053427237,0.06323850755726235,0.15552028999716694
0.24375334038291185,0.05935521389534192,0.059355580000315905,0.059352157186311684,0.5781837085351187
0.23263274027634606,0.04834372555992835,0.6201688522039903,0.04850835558427879,0.05034632637545642
0.48769015758193734,0.2455286821527748,0.05654170849291439,0.15371423425667965,0.05652521751569384
0.5999840991018343,0.10000430468413349,0.10000438310409984,0.10000403279773447,0.10000318031219789
0.08311646574056057,0.6675245694900352,0.083120191625649,0.08312046341751617,0.08311830972623888
0.10001023625836271,0.10002735218189923,0.10002869195191445,0.5999141058057041,0.10001961380211945
0.10000092721404931,0.599448001383884,0.10000264320855926,0.10054673368784597,0.10000169450566154
0.2931263851177151,0.5182202013143291,0.06285562337023165,0.06285424644534018,0.06294354375238394
0.7128203374898141,0.052532232835186696,0.05253425372826928,0.05253054459837157,0.12958263134835832
0.08673686628929213,0.6647105949517452,0.08285109026667757,0.08285093683644568,0.08285051165583944
0.1000000864406216,0.5999993055251819,0.1000002334487358,0.10000021515287605,0.10000015943258474
0.8060460085239253,0.03718264397793155,0.03737093755957304,0.03724200156303347,0.0821584083755367
0.1000000864406216,0.5999993055251819,0.1000002334487358,0.10000021515287605,0.10000015943258474
0.04197625352507998,0.04243268849451738,0.04197144265479914,0.8316497508287614,0.041969864496842126
0.10000007471775717,0.10000018271614192,0.10000019218494555,0.10000017998319237,0.5999993703979629
0.06671719726662186,0.7331141875686406,0.06672388478375253,0.06672300653187574,0.0667217238491092
0.10000208532824272,0.10000503311275603,0.10000527913953274,0.10000485778414847,0.5999827446353201
0.7059471350630546,0.07349757252088995,0.07349764367772983,0.07349748589039101,0.07356016284793482
0.6647322838731216,0.08375721764607642,0.08375706637570876,0.08375709499096183,0.08399633711413144
0.7768829383661116,0.055511936641869625,0.056568373206249745,0.05553084372300473,0.0555059080627643
0.07366009927978351,0.0736714638964064,0.07367172633297804,0.07373494411434939,0.7052617663764826
0.35525397686160254,0.17611418382708144,0.0565132560450263,0.35506467698088257,0.05705390628540717
0.08317726075574619,0.0831879689862567,0.08318881118682352,0.6672625465364518,0.0831834125347218
0.7274345025353377,0.06794874363321891,0.06854337527404748,0.06794890266368053,0.06812447589371537
0.061919444546078645,0.061918127131999574,0.06183620386850364,0.7524902885149602,0.06183593593845794
0.6610778204818052,0.08471276097054788,0.0847128945326195,0.08471261013696228,0.08478391387806503
0.5527803874731854,0.24443876077263188,0.06682413812449484,0.06682369661494209,0.06913301701474593
0.05841542566359939,0.05864000197885518,0.05824914951124444,0.05825130816342396,0.766444114682877
0.7452302528498612,0.06365354719821859,0.06365463338497875,0.06365277024383151,0.06380879632310994
0.5550357741989989,0.05887453409880986,0.05887586791313845,0.2683478623630279,0.058865961426025036
0.07335097175953265,0.5137409560148858,0.07335252708521531,0.2662038336575786,0.0733517114827877
0.18473759146106747,0.45506629250036107,0.06743972793480034,0.22333411328273564,0.06942227482103552
0.08434395547727226,0.6626216912033266,0.08434500464501747,0.08434493900615089,0.0843444096682327
0.7293935238670436,0.06759257360275904,0.06759258976051058,0.06759251372367238,0.06782879904601447
0.06719446923466416,0.7311905708227548,0.06720770735701144,0.06720608021244126,0.06720117237312832
0.07322099875098384,0.7069963052023431,0.07322217003441812,0.0733389502599942,0.07322157575226072
0.6177487493377235,0.20573763168322168,0.05858368754309938,0.058583427700061357,0.05934650373589403
0.5990713760308499,0.10000151504083975,0.10000157127772838,0.1000014498135769,0.1009240878370051
0.061919444546078645,0.061918127131999574,0.06183620386850364,0.7524902885149602,0.06183593593845794
0.05726406574136915,0.055300588363522134,0.055300682802499265,0.05530050773455837,0.7768341553580511
0.774531466178322,0.05615200663594565,0.05615241179284673,0.056385635982193885,0.056778479410691654
0.25278735417069714,0.04779880491505573,0.04780112378301803,0.10587193156532591,0.5457407855659033
0.8102836148234354,0.0475407638070572,0.04729137326289005,0.04738218395961919,0.047502064146998195
0.7327098809785132,0.06682341741014286,0.06682458892661526,0.0668231462937409,0.06681896639098794
0.21503989146531738,0.05573619142284806,0.0557409164948327,0.056187677940917974,0.6172953226760839
0.41597089139695914,0.02810359891071846,0.027253423092623245,0.5013010673968795,0.027371019202819695
0.06226192734785446,0.0622370151564399,0.06223703657678996,0.750898370597588,0.06236565032132775
0.06686722502752214,0.06669632983737254,0.06669640286700972,0.7330439170873368,0.06669612518075879
0.1649876756077862,0.181223280209452,0.18089944894208748,0.05837735023956706,0.41451224500110717
0.10000046196303033,0.1000012038566803,0.10000127095376828,0.5999961737844345,0.10000088944208654
0.0829296353262555,0.08293066003903027,0.08293077159366617,0.668278702981383,0.08293023005966496
0.5990713760308499,0.10000151504083975,0.10000157127772838,0.1000014498135769,0.1009240878370051
0.08304968819460527,0.08285486904587797,0.08285609071410974,0.08285444511927635,0.6683849069261307
0.7021044825136645,0.07444240882718207,0.07444505521938538,0.07447907703981557,0.07452897639995239
0.08288936713227602,0.08290221316066272,0.08290333885081082,0.6684093212940403,0.08289575956221013
0.27366692074081356,0.537654013097002,0.06289874712416153,0.0628947854349796,0.06288553360304333
0.764034757836409,0.05881159338719442,0.05881187359615773,0.05881140170215889,0.059530373478079955
0.7265904004143233,0.06818121823568257,0.06818224709766318,0.06820215372631258,0.06884398052601821
0.06716640710159354,0.0671293967866716,0.06712941193710625,0.7312634444598712,0.06731133971475745
0.7623892878789721,0.059385354069987496,0.05938655088463244,0.05940408943050991,0.05943471773589799
0.3468614895999352,0.07368560259421493,0.07368671594574185,0.07368476043797739,0.4320814314221308
0.6982099810496388,0.0752538372710636,0.07525478589016905,0.07525317672606499,0.0760282190630637
0.686006928497406,0.07815961890502789,0.0781596385562247,0.07815962251566969,0.07951419152567171
0.5179799621363058,0.06724022384248937,0.06724226072347925,0.2803104939088183,0.06722705938890737
0.2,0.2,0.2,0.2,0.2
0.8407717484565791,0.03970011398245877,0.039700614075979246,0.04010690068921827,0.03972062279576471
0.0869795311309121,0.08699519235593063,0.08699640927385928,0.08699414363853314,0.6520347236007648
0.08287711766254748,0.08288374332319345,0.0828851688920601,0.6684784508613161,0.08287551926088296
0.10000004490693107,0.5999996593414523,0.10000011091367104,0.10000010339834776,0.1000000814395978
0.3724351141553838,0.06848513370608399,0.06848651388611372,0.06853280567300551,0.422060432579413
0.5999269065610286,0.10002015659821012,0.10002063795235834,0.10001822925441545,0.10001406963398747
0.059050529692954566,0.053563855309960856,0.5057636205439878,0.05348148752162988,0.3281405069314669
0.09231194354175058,0.08435649883198505,0.08435741504832454,0.0846263500168711,0.6543477925610688
0.2,0.2,0.2,0.2,0.2
0.0869086406720922,0.08410980620604702,0.08411002318921589,0.44066985806921666,0.3042016718634284
0.10184874803450084,0.029687394740157833,0.029383322949574207,0.80896231755821,0.030118216717557204
0.19000684421761965,0.062116788310449325,0.06211784465788504,0.06211639969266844,0.6236421231213776
0.07680550103202796,0.07323167962472839,0.07323072760267224,0.07323068257950581,0.7035014091610656
0.055286695452279336,0.054947091024221476,0.05489841606253976,0.7796546038119943,0.05521319364896511
0.5999879787119945,0.10000279781701792,0.10000433438678798,0.1000027369799298,0.10000215210426971
0.7496706489827563,0.06259161372304667,0.06258786100245095,0.062582598788674,0.06256727750307199
0.8286648105848219,0.042738513128865,0.04274066998488813,0.042951056080201076,0.04290495022122404
0.7746947739643327,0.05627894146763529,0.05627988442505262,0.05627829909118367,0.056468101051795706
0.0734808057738198,0.07332567817868106,0.7058962470638841,0.073325379499104,0.07397188948451087
0.05607660341702624,0.05571362180482447,0.05581198709706856,0.05604766677312345,0.7763501209079572
0.3643528451579533,0.05898916117331657,0.3557745235440986,0.05899179008721756,0.16189168003741394
0.8270935388276939,0.0815722357614546,0.0309953055547481,0.030062217943566623,0.03027670191253672
0.25946319646920496,0.07613589736460606,0.07460978686473503,0.07460759012661891,0.515183529174835
0.08442782009472835,0.08293216623183534,0.08292917164133658,0.666788722191736,0.08292211984036363
0.044529164710880226,0.07865587513912284,0.04225671601162821,0.04223907648902037,0.7923191676493483
0.5999270586422971,0.10001985307047688,0.10001992304199227,0.10001867894943317,0.10001448629580059
0.7272379365434596,0.06810557372345999,0.06810577829919265,0.06810538196031128,0.06844532947357637
0.8367117174484852,0.04019900168047994,0.04027201088991497,0.04262854650807202,0.040188723473048076
0.2381966320876994,0.028696694508420544,0.028461941114729165,0.48260173965926845,0.22204299262988256
0.1000008272101105,0.5999934103871525,0.10000220308125025,0.10000202459344973,0.10000153472803694
0.7500685108239232,0.06247861390705234,0.062480923390245545,0.06250653334072004,0.062465418538058884
0.07481113341461672,0.7049379678889086,0.07341829742732948,0.07342022664842078,0.07341237462072436
0.5997365963608007,0.10007062416671456,0.10007411711291049,0.10006813825451887,0.10005052410505544
0.21051443577672974,0.04567746981153429,0.652240995090648,0.04607642192600833,0.045490677395079795
0.05822149946180519,0.7670520067873253,0.058239252797517155,0.05825673923507994,0.058230501718272355
0.7485475276167082,0.06286629338631614,0.06286890639136132,0.06286546131732185,0.0628518112882925
0.8397768017239615,0.04023152812461776,0.03988934102371037,0.039965008851545,0.04013732027616531
0.1598968450376393,0.7518577541454426,0.02883119812308971,0.028995091202116567,0.030419111491711757
0.2,0.2,0.2,0.2,0.2
0.08459240064574557,0.083154848865903,0.0831551790935102,0.6659437391132587,0.08315383228158249
0.6612510550031359,0.08462820566184961,0.08463030143674137,0.08467974236246116,0.08481069553581205
0.7299885703391974,0.06746271463865917,0.06746382600552464,0.06762847795114234,0.06745641106547635
0.1000079268714341,0.5999430406018662,0.10001852630153239,0.10001704442532129,0.1000134617998461
0.3428970453617405,0.0454675246919638,0.04546882359153263,0.04552681907657332,0.5206397872781898
0.5292240728728288,0.07484623909704605,0.07484700942190149,0.246240926388561,0.07484175221966252
0.04137281406234786,0.8333038173780356,0.04125010871453602,0.042547982108194805,0.04152527773688566
0.35069829700217675,0.08305006232840802,0.40016699893799446,0.083048276684122,0.08303636504729901
0.2,0.2,0.2,0.2,0.2
0.7498149676001011,0.0625331911758447,0.06253385548642872,0.06256208378005249,0.06255590195757307
0.2,0.2,0.2,0.2,0.2
0.10000004490693107,0.5999996593414523,0.10000011091367104,0.10000010339834776,0.1000000814395978
0.761773527126698,0.05953658744851408,0.059538177788537414,0.05957660332364943,0.059575104312601025
0.6953123170108594,0.07597621674359487,0.07597622890052692,0.07604465835209208,0.0766905789929267
0.21337369535626244,0.6590371985396236,0.04148262038165058,0.04216499073867439,0.0439414949837891
0.4314309280620901,0.31710572540908927,0.0838237930446783,0.08382164429016138,0.0838179091939809
0.1796594290428833,0.062115502506068114,0.06359905049833121,0.632525147062972,0.062100870889745266
0.3706824487427552,0.07425547741673968,0.0742554972441272,0.40537292013431403,0.07543365646206372
0.662972421666204,0.08418501622383986,0.08418578161200999,0.0842752840658347,0.08438149643211162
0.7669622499479161,0.029782221231287945,0.029112334311650032,0.08440565162242507,0.08973754288672094
0.4531591725336258,0.37957468331102906,0.05574167697865917,0.05580003138486159,0.05572443579182445
0.10000004490693107,0.5999996593414523,0.10000011091367104,0.10000010339834776,0.1000000814395978
0.10000004490693107,0.5999996593414523,0.10000011091367104,0.10000010339834776,0.1000000814395978
0.06040244721787939,0.05961475663877943,0.0596157114987523,0.059614150496102525,0.7607529341484863
0.10000004490693107,0.5999996593414523,0.10000011091367104,0.10000010339834776,0.1000000814395978
0.693601409063151,0.0537693646116001,0.05358668504757293,0.1452465659412601,0.0537959753364159
0.7774533128149613,0.05550923476050918,0.055509544543697095,0.05551944343663976,0.05600846444419263
0.06688594969896111,0.07039645331067282,0.06689382222644379,0.7289339062359178,0.0668898685280046
0.2,0.2,0.2,0.2,0.2
0.07627347992667159,0.0762752812683852,0.0762754183412537,0.6949013561283719,0.07627446433531768
0.7872119853514626,0.05303496513284489,0.05303604962293667,0.053159785925858634,0.05355721396689719
0.6639965462734196,0.08393548670279471,0.08393596281204868,0.08399164673281899,0.08414035747891808
0.7051801058815242,0.07360108190291499,0.07360123802535236,0.0736010192528834,0.074016554937325
0.7061638638102977,0.07341711107177333,0.07341751643728536,0.0734521063523489,0.07354940232829475
0.4071978948570843,0.49829496170438287,0.031016062477948844,0.03168680819772808,0.031804272762855905
0.8168332629205294,0.04571466813841139,0.04579963607611897,0.045713474919837176,0.045938957945102984
0.05346770967383529,0.051193578389654756,0.051201679735174234,0.05119271867313407,0.7929443135282016
0.2,0.2,0.2,0.2,0.2
0.10000054406965721,0.10000145327081544,0.10000153676673666,0.10000140211461467,0.5999950637781759
0.10000004490693107,0.5999996593414523,0.10000011091367104,0.10000010339834776,0.1000000814395978
0.6677062228941939,0.08307655851818352,0.08307884682874021,0.08307493380714191,0.0830634379517405
0.5882846512856369,0.09346444208703598,0.029364609417248097,0.12293194127743076,0.16595435593264815
0.08382428951291847,0.08372197450571237,0.0837219954174064,0.6644943216217375,0.08423741894222517
0.10000937663211673,0.10002505041822407,0.5999234314792847,0.10002417657288103,0.10001796489749344
0.26459289435294997,0.04751483425742016,0.04864751837071425,0.5894689595482272,0.04977579347068834
0.05608616248223086,0.8310566790959206,0.03683039660975624,0.03865162775266559,0.03737513405942667
0.07357197862140417,0.07362288649526873,0.07357475328518343,0.7055149347192278,0.07371544687891608
0.07357056912036297,0.07357418905789614,0.07357434342657224,0.7055782473632424,0.0737026510319262
0.06442411510870487,0.062290136435936304,0.06229081896692317,0.06598636437986605,0.7450085651085696
0.5999879787119945,0.10000279781701792,0.10000433438678798,0.1000027369799298,0.10000215210426971
0.07773913421460853,0.07774119010080614,0.07774121143425386,0.6889483994207056,0.07783006482962582
0.06125011624204789,0.05997304665456971,0.05949725463516799,0.05987927892493161,0.7594003035432828
0.2108773444886639,0.03459670790624629,0.03459912273967968,0.6851393587202158,0.03478746614519423
0.309637782703972,0.05552928963456476,0.055529862844883406,0.5183287202276339,0.060974344588945975
0.7478868545124702,0.0626613821882895,0.06266050644477333,0.06266114975007049,0.06413010710439647
0.42067219453580984,0.07452980263252908,0.07453000890133592,0.35230760630417884,0.07796038762614631
0.08284722176427732,0.08285271624452953,0.08285311944700514,0.08285513351925523,0.6685918090249329
0.7633088105993592,0.05819415544897481,0.05819707457668204,0.058192322025911035,0.0621076373490729
0.06297670760752244,0.5359176083823649,0.06288999002412538,0.27487011814707374,0.06334557583891334
0.8133276290303257,0.04639979633724688,0.04639775176826289,0.046404480991820006,0.04747034187234455
0.874342871956828,0.03129859435533226,0.031715751258686316,0.03130267248340166,0.03134010994575178
0.2,0.2,0.2,0.2,0.2
0.2293193079543561,0.06301865919847169,0.0625686325449463,0.06256767553925995,0.5825257247629659
0.10000983497810727,0.5999183954723003,0.10002756462637755,0.10002536084871536,0.10001884407449953
0.7861343337132338,0.053382677257600486,0.05366844338774133,0.0533813289604595,0.05343321668096471
0.07322716095323606,0.7070462223099135,0.07324633650407548,0.07324383411421437,0.07323644611856044
0.2,0.2,0.2,0.2,0.2
0.3089608165809787,0.4502969111952662,0.036024999338207124,0.16859019811114978,0.03612707477439813
0.0800895670921515,0.07479708501466394,0.0747971365344422,0.07636115571658114,0.6939550556421612
0.7494039354952043,0.06251502922163442,0.0625150155793722,0.06251502263213604,0.06305099707165311
0.23416331257838152,0.6335538731965767,0.04404920821684086,0.04415295555936733,0.044080650448833456
0.035180369431273666,0.03522260801900992,0.035225493578879316,0.859166680936019,0.03520484803481815
0.2,0.2,0.2,0.2,0.2
0.049762504473838384,0.04663817917638899,0.04664038341609881,0.8100685224902574,0.04689041044341658
0.057034993139509195,0.05705152908406804,0.05701402405484677,0.7718868105282495,0.057012643193326475
0.10000797733419382,0.10002123502625214,0.10002227431179372,0.10002049719140023,0.59992801613636
0.10030773781901704,0.10002077012577387,0.10002134632257426,0.10001963909488802,0.5996305066377469
0.1000101899343202,0.10002722830170184,0.10002856202425044,0.5999144947278632,0.10001952501186434
0.7153018819500504,0.06731341539246642,0.06731350057385013,0.07605601814119038,0.07401518394244273
0.7285378078947767,0.03500505917573419,0.03496701854957053,0.03496116231921168,0.1665289520607069
0.7265900262118099,0.06787124698169175,0.06838537241372793,0.06787112925572944,0.06928222513704113
0.7032814539550042,0.07405195837749563,0.07405213977029376,0.07423623989769755,0.0743782079995089
0.5149642008908304,0.3087790783527695,0.05850406264206197,0.058649133601159684,0.05910352451317843
0.7190387452070497,0.03805522154261474,0.03805549546456467,0.16665196986893233,0.03819856791683869
0.779790151707221,0.05501356460396897,0.05501690126840666,0.05502823280220419,0.05515114961819916
0.5998892359773973,0.10003192365313497,0.10002990399556602,0.1000274847140776,0.10002145165982414
0.083229663966382,0.6675686978028977,0.08306843258028863,0.08306763705386931,0.08306556859656239
0.6682827877775268,0.0829326099805906,0.08293526647468445,0.0829320055130406,0.08291733025415748
0.10000004490693107,0.5999996593414523,0.10000011091367104,0.10000010339834776,0.1000000814395978
0.055856286971284294,0.05516898790271556,0.055169097880540016,0.055168943188925956,0.7786366840565342
0.07478214828268565,0.7016393230364415,0.07452654354742773,0.07452615657687839,0.07452582855656671
0.07351642227324932,0.4915713403988872,0.0733939957349943,0.07339622203319399,0.2881220195596751
0.23800883953868654,0.05761214341163806,0.5885530456448411,0.05761041211638038,0.05821555928845388
0.36522932006723,0.05850166229548639,0.05850346699911972,0.05850036820700043,0.4592651824311634
0.8108961199329631,0.04726742746813683,0.047270692348032876,0.04726966675552573,0.04729609349534159
0.6648289902030843,0.08379562903046564,0.08379773162900511,0.08379413287817904,0.08378351625926612
0.5982530513782575,0.10000086011075726,0.10000086938905248,0.10000085381792724,0.10174436530400563
0.7446653518945867,0.06377575976708094,0.06377613626464922,0.06379373383276989,0.06398901824091327
0.24623476062466715,0.07363510569459246,0.07363555887575951,0.07363153528511364,0.5328630395198672
0.3225236564409444,0.08364709537946576,0.4265490447292439,0.08364421420832033,0.0836359892420256
0.06746679588815493,0.49256943152837496,0.06398881337768625,0.06398752382779059,0.3119874353779932
0.7676325277397862,0.05810003093052492,0.058106019047330995,0.05809577223898048,0.058065650043377506
0.08372539690214093,0.08306706003520552,0.08346916549200896,0.08284542476263776,0.666892952808007
0.05685127883839716,0.15329332334858056,0.055908497728222505,0.05631659364588705,0.6776303064389126
0.1004966044608865,0.10000348597626843,0.10000368901026652,0.10000364011654117,0.5994925804360374
0.0754771331048734,0.07418200485427565,0.07418161662250472,0.07418143744447776,0.7019778079738684
0.3839872963432445,0.04548451823968374,0.04548129191380831,0.04548095011028876,0.47956594339297465
0.253948703500434,0.04558926167005521,0.04556624498763973,0.38587298032803763,0.2690228095138335
0.07635077500096589,0.07385257219243069,0.0738526647954181,0.30069045535928907,0.4752535326518963
0.7047905355609988,0.07321353087012354,0.07321354886566042,0.07321350922204704,0.07556887548117003
0.3581128993306242,0.23614185088935985,0.062732036236499,0.06272483362726143,0.2802883799162555
0.07348528774883892,0.7060503984001582,0.07348880849431218,0.07348843368826587,0.07348707166842494
0.3122577483630876,0.03168050939844378,0.0315487264022536,0.54578747051303,0.0787255453231849
0.07524442265228334,0.34620875521740824,0.07428264962471405,0.07428252724657211,0.42998164525902244
0.07320798060889455,0.07321056323192872,0.07321053222826356,0.0732106105909447,0.7071603133399685
0.08570153715068186,0.08571567989271948,0.0857167874558527,0.08571489200717773,0.6571511034935682
0.4268275204781086,0.07321632645231227,0.07321686773244572,0.3535239621027333,0.07321532323440022
0.5999966175428036,0.10000090116765097,0.10000095156961443,0.10000085324239177,0.10000067647753912
0.2168311649186553,0.07563722939975485,0.0756373507639394,0.5539658166369765,0.07792843828067372
0.2168311649186553,0.07563722939975485,0.0756373507639394,0.5539658166369765,0.07792843828067372
0.08284618156122302,0.37229282642981487,0.08284635041699567,0.08284633226334931,0.37916830932861717
0.10000007471775717,0.10000018271614192,0.10000019218494555,0.10000017998319237,0.5999993703979629
0.08405111031065583,0.08405177902757983,0.08405185280817229,0.0840517229317641,0.663793534921828
0.10000616174670486,0.10001540280160275,0.10001615650549418,0.10001486587744986,0.5999474130687483
0.3678151220032004,0.06015790622087537,0.060159148238497925,0.4511445115480378,0.060723311989388594
0.07456677406805652,0.07431338984599722,0.07431343554301359,0.07575794788297482,0.7010484526599577
0.07362518217694626,0.7054780518076174,0.07363396251009989,0.07363313848090203,0.07362966502443453
0.6636773307501835,0.21239341243795423,0.03278558729261622,0.058267944327712436,0.03287572519153344
0.139295227248468,0.036241613337024185,0.036195328496201405,0.03738346438226014,0.7508843665360463
0.10000004490693107,0.5999996593414523,0.10000011091367104,0.10000010339834776,0.1000000814395978
0.7069964580831857,0.07330754491729055,0.07323309515842681,0.0732320771860372,0.07323082465505988
0.7848150104285092,0.042820933333696916,0.042965348012178266,0.0426981634380482,0.0867005447875674
0.7483048020300721,0.0628219077969309,0.06282216170344157,0.06282171621683058,0.0632294122527248
0.43457703607571435,0.3750822357724509,0.036374969081040404,0.11791811989955818,0.03604763917123612
0.7049702925694036,0.07375774775279943,0.07375802253696093,0.07375757154018017,0.0737563656006559
0.6624526547420218,0.08435500072901164,0.08435501757655195,0.08435498907142122,0.08448233788099338
0.2,0.2,0.2,0.2,0.2
0.7586318918303511,0.0601763004141434,0.0601781066163861,0.06057976243444947,0.060433938704669926
0.48125261622591237,0.0679360668103637,0.06793635659090524,0.0681458429582641,0.3147291174145546
0.0891401547740536,0.04240022865304015,0.04239856307927494,0.042396815785683786,0.7836642377079475
0.7097975444757356,0.07230529814982688,0.07230531195146214,0.07230528703512941,0.07328655838784613
0.07152554875872215,0.06727155350309465,0.06709422929421976,0.7270192463529451,0.06708942209101837
0.061919444546078645,0.061918127131999574,0.06183620386850364,0.7524902885149602,0.06183593593845794
0.10000108445908419,0.10000245934720355,0.10000257598160338,0.1000023977445196,0.5999914824675893
0.6607733597283197,0.08381234868722856,0.08498127741798839,0.08381150735520482,0.08662150681125866
0.7797239447992171,0.03446554998200552,0.03318215222878173,0.0901573400740785,0.06247101291591729
0.7742369462880759,0.04196169292135466,0.04381197132248834,0.09793014688166163,0.04205924258641957
0.42488825765357746,0.05932298241245594,0.06088412060353841,0.05932127876565715,0.39558336056477106
0.43797504965998696,0.306898930139968,0.08415117305513511,0.08414256558357315,0.08683228156133681
0.061919444546078645,0.061918127131999574,0.06183620386850364,0.7524902885149602,0.06183593593845794
0.3994711179584823,0.06224292052205355,0.06224300495091376,0.21891152455928314,0.2571314320092672
0.7475210603079483,0.06268571663615816,0.06268604244019517,0.06270297583782142,0.06440420477787683
0.8024886118264735,0.05125098195167483,0.04866393768746487,0.048667689614187076,0.04892877892019981
0.06591845957778746,0.7480318696123419,0.06201949096958659,0.06201808363628484,0.06201209620399932
0.06038284693092582,0.059522763652341666,0.059523526992230534,0.059522244825563106,0.7610486175989388
0.07322099875098384,0.7069963052023431,0.07322217003441812,0.0733389502599942,0.07322157575226072
0.4828962432405714,0.059455381884205995,0.3379488291770084,0.0594549944737618,0.0602445512244523
0.34638835646468447,0.03713033533926577,0.035497294654923024,0.5432985953029035,0.03768541823822334
0.7493656613581856,0.062460367646779306,0.0631357742093097,0.06247478233322539,0.06256341445249997
0.16868123670732788,0.04020097173702908,0.04019869076073456,0.17203316405631608,0.5788859367385923
0.7031478302401151,0.07411670527537179,0.0741166899554474,0.07411659135725561,0.07450218317181014
0.1000136490071884,0.10003650210955087,0.10003829319684404,0.10003522650405484,0.5998763291823618
0.06304448137809612,0.0630343285150626,0.06303507360775511,0.7477567681924643,0.06312934830662191
0.15622688772924637,0.06309739882139914,0.06309814238074359,0.5127144630503532,0.20486310801825766
0.7467822226352312,0.0629816741483457,0.0629821130923874,0.06300760466276943,0.06424638546126638
0.0498463526536292,0.04844285038999488,0.04837626851892256,0.39266317731188516,0.4606713511255682
0.043854578691831424,0.042411465630627185,0.042784861989986746,0.7880273019991912,0.0829217916883635
0.07322819397368979,0.07324951268985197,0.706669288868925,0.07346247171888395,0.07339053274864929
0.6683258036310727,0.08284421087423016,0.08284414647964201,0.08284418749202141,0.08314165152303371
0.10000107992238402,0.10000288186263927,0.5999911233499156,0.10000278151458133,0.10000213335047985
0.508834684273631,0.05117478229979167,0.051886726605182086,0.27414580175065867,0.11395800507073649
0.07627347992667159,0.0762752812683852,0.0762754183412537,0.6949013561283719,0.07627446433531768
0.10000979050088932,0.5999187646651192,0.10002743992126145,0.1000252460677925,0.10001875884493755
0.0738031524741573,0.0738129541117206,0.7047630675047214,0.07381239726501579,0.07380842864438486
0.6612517920152147,0.08462800959287524,0.08463009598762261,0.08467955181204115,0.08481055059224644
0.2,0.2,0.2,0.2,0.2
0.7288714362269676,0.06760017535294556,0.06760114927283263,0.06760225641606477,0.06832498273118938
0.06364443368709492,0.06212645098506503,0.06212773130209843,0.06212709023709405,0.7499742937886476
0.7484513001022359,0.06264959074704746,0.06264965061764616,0.06264956628959883,0.06359989224347154
0.6641375396489169,0.0828697539874983,0.08287074560839237,0.08286958513081699,0.08725237562437536
0.08503219662717919,0.08286525568188288,0.08286541047722386,0.0828652073497726,0.6663719298639416
0.048940172948934595,0.04831132595757113,0.04836310703770413,0.04835096120481106,0.8060344328509791
0.060906549348085974,0.05885815833917681,0.05885944618345261,0.058857274412913115,0.7625185717163715
0.09322368924761242,0.08408411791704032,0.08408438794650928,0.6545262621697159,0.084081542719122
0.10000477093176513,0.10001273531158192,0.10001335806082703,0.5999599993088863,0.1000091363869396
0.07388592970523875,0.07349864669173388,0.07350033987150793,0.07349745054795424,0.7056176331835652
0.06359482583592858,0.06363008689172168,0.06361463958847265,0.51120314555814,0.2979573021257372
0.7494133302005027,0.062424109334625846,0.0633075788508124,0.06241062636954852,0.0624443552445106
0.0840241446092701,0.08392434481325138,0.08392436532687131,0.663700605512378,0.08442653973822936
0.07627347992667159,0.0762752812683852,0.0762754183412537,0.6949013561283719,0.07627446433531768
0.5121916489891777,0.26661288596390553,0.07370037727133366,0.0736998809067116,0.07379520686887156
0.15800593447418826,0.05537191378559421,0.05531854298877342,0.6759881329787232,0.055315475772720966
0.6677122838647968,0.08307314658490283,0.0830729723228636,0.08307226168980102,0.08306933553763578
0.10000253618398657,0.1000700332067313,0.10000700856572166,0.10000644870791156,0.599913973335649
0.7045902881514743,0.0737120292070613,0.07371202042904075,0.07371198438158737,0.0742736778308363
0.2187372123776995,0.03537181875488095,0.03548720223108423,0.2294824178970015,0.4809213487393339
0.35486258899579803,0.39614519673381476,0.08300344918990067,0.08300313532483863,0.08298562975564787
0.705735946543052,0.0735250536968992,0.07352539268997267,0.07355937830164813,0.07365422876842774
0.332673844674436,0.07891170173327045,0.07891165046190908,0.430212821623381,0.07928998150700352
0.06876391415523816,0.0679013345884541,0.06790105515888047,0.06790092168874069,0.7275327744086867
0.06298998667368379,0.05979526365401158,0.05979637030885911,0.05990626445398461,0.7575121149094609
0.8327002844130097,0.041815286667830166,0.041817155142567716,0.041815861862897444,0.041851411913694965
0.08317735954349123,0.083188277221074,0.08318874448290192,0.6672623601175915,0.08318325863494136
0.0812057837852377,0.07988037990144328,0.07988141395846356,0.07987910485766482,0.6791533174971907
0.8305691682769996,0.0339631313189825,0.03396340772642225,0.06728752240048727,0.03421677027710834
0.3488569643449601,0.07330933565228795,0.07330939517811809,0.07330885834006655,0.43121544648456733
0.634208515940337,0.11969739244040306,0.03866607843781116,0.039716755958516196,0.16771125722293242
0.8383521388993368,0.04041227970198449,0.040425494134682584,0.040408765301971336,0.04040132196202485
0.05144942723697863,0.05093875841144772,0.05094046844130225,0.2666468593635336,0.5800244865467379
0.8027668010829215,0.049263814058805484,0.04926453485192449,0.04926330177802877,0.04944154822831969
0.6452956569856386,0.055836719802096715,0.05583852511913156,0.05592883589212685,0.1871002622010062
0.0693986973159042,0.06734065591967066,0.06734110516153477,0.06743656733328438,0.7284829742696061
0.2,0.2,0.2,0.2,0.2
0.06703905290189012,0.06709571481208461,0.067047888861653,0.06704873120562778,0.7317686122187446
0.0837272733408679,0.08374103614005121,0.08374210873064464,0.08374026945898341,0.6650493123294529
0.6680692273570086,0.08298567896137857,0.08298804174966047,0.08298497094049953,0.0829720809914528
0.05606157247503562,0.0558669875667492,0.15465153055878128,0.055865422689148216,0.6775544867102856
0.7032896724343802,0.0741642861538395,0.0741660027786848,0.07422561904039493,0.07415441959270064
0.07510688912099069,0.6995529561575995,0.07511507611849175,0.0751140453621859,0.07511103324073198
0.48556938670950445,0.04546414747926664,0.37741949667374036,0.045462852609429096,0.04608411652805943
0.7050806450362469,0.07362819355418711,0.07362820633507981,0.073830882647505,0.07383207242698127
0.5980791216259411,0.10000185510848264,0.10000196653212373,0.1000018500831425,0.10191520665031022
0.050154273593061266,0.050174373447037145,0.7993328044134291,0.050173322361647295,0.0501652261848252
0.7627263089202502,0.05925975979806087,0.0592619920283097,0.05925838107530047,0.05949355817807893
0.724469685938978,0.0688528392638616,0.0688569389224892,0.06886946615814003,0.06895106971653109
0.10675164962400337,0.034735775125131686,0.06768967505449087,0.03517543554837327,0.7556474646480008
0.7055738297770465,0.07354537870092928,0.07354570339344974,0.07354531265354024,0.0737897754750344
0.10000933421332561,0.10002493694864341,0.5999237781542096,0.10002406708252423,0.10001788360129713
0.811683489249418,0.046988037989852245,0.04699345673539659,0.046987134435639795,0.047347881589693275
0.82758980067452,0.04308714578233395,0.0430791367892301,0.04307786561034083,0.0431660511435753
0.7509185246481123,0.062172893707600194,0.06217319862240345,0.06217254813259753,0.06256283488928645
0.07322099875098384,0.7069963052023431,0.07322217003441812,0.0733389502599942,0.07322157575226072
0.10000004490693107,0.5999996593414523,0.10000011091367104,0.10000010339834776,0.1000000814395978
0.056925150673530586,0.05690494103733687,0.05704168118007513,0.7722208790294958,0.05690734807956175
0.6810461614862351,0.04863628073886738,0.04851484314444817,0.17321708381060064,0.04858563081984877
0.2,0.2,0.2,0.2,0.2
0.1699617261626116,0.05560766612554737,0.05560788967029655,0.05564233176958241,0.6631803862719621
0.2461696456365762,0.07357094643187276,0.07357105739826594,0.07421883750916093,0.5324695130241243
0.83227149512331,0.0419256804554196,0.04192828297598922,0.04192834692999524,0.04194619451528586
0.8025379578507438,0.04878605974460413,0.04877216830319931,0.0497649261357263,0.05013888796572648
0.5391208478849144,0.293820689033285,0.05558409317645142,0.05557982957556459,0.055894540329784546
0.8040125587888951,0.04902762249523974,0.048910223899472804,0.04890775076363597,0.0491418440527563
0.5990978575448236,0.10000174260399254,0.10000181713937592,0.10018782468297457,0.1007107580288335
0.747731518484295,0.06300574375031952,0.06300595259629518,0.06302473502922294,0.06323205013986742
0.08370449137447887,0.08319554063257294,0.6667119994081567,0.083195337519985,0.08319263106480645
0.1000002731147851,0.10000074632091192,0.10000076231035245,0.5999976942080558,0.10000052404589467
0.05500635507002982,0.054913157229561804,0.7802665054029743,0.05491180283233622,0.054902179465097824
0.0580326638177261,0.05804706569276424,0.05803724903939207,0.7678479953229403,0.05803502612717722
0.03748714948587839,0.11824219953570474,0.03741200292434838,0.037410863280026796,0.7694477847740417
0.0639139570120218,0.06260741781595124,0.06259849936061436,0.06265969269572978,0.7482204331156828
0.15274771681689997,0.13908440207955114,0.028539064094563152,0.6110851090010152,0.06854370800797054
0.32284995496621494,0.03507033666974388,0.03524246918291831,0.4133525541102131,0.19348468507090974
0.8636030862476548,0.03408774865761283,0.03409855783500079,0.03411214220417881,0.03409846505555261
0.42770770272863917,0.3829325580146548,0.06299393570164982,0.06299177584464133,0.06337402771041478
0.058311218056472,0.05831009990285067,0.05823253867684011,0.6764366401844281,0.14870950317940915
0.10000019727652625,0.5999984293695024,0.10000051378886556,0.10000049678251707,0.10000036278258885
0.7019607551385175,0.07404407070592099,0.07450264220496661,0.07407806443273204,0.07541446751786288
0.10000004490693107,0.5999996593414523,0.10000011091367104,0.10000010339834776,0.1000000814395978
